n = 122;               %njobs
d = [3,5,6,2,3];     %durations
prof=[3.0,5.0,-1.0,4.0,2.0];
dr=0.09;
W=[|3.0,2.74179355581,2.50581063423,2.29013848301,2.09302897821,1.91288445487,1.74824475712,1.59777540302,1.46025676788,1.33457419867,1.21970897922,1.11473007307,1.01878657693,0.931100823796,0.850962079499,0.777720781938,0.710783276046,0.649607001948,0.593696097251,0.542597377851,0.495896664665|5.0,4.56965592636,4.17635105706,3.81689747168,3.48838163036,3.18814075811,2.91374126187,2.66295900503,2.4337612798,2.22429033111,2.0328482987,1.85788345511,1.69797762822,1.55183470633,1.4182701325,1.29620130323,1.18463879341,1.08267833658,0.989493495418,0.904328963086,0.826494441108|-1.0,-0.913931185271,-0.835270211411,-0.763379494337,-0.697676326071,-0.637628151622,-0.582748252374,-0.532591801007,-0.48675225596,-0.444858066223,-0.406569659741,-0.371576691022,-0.339595525645,-0.310366941265,-0.2836540265,-0.259240260646,-0.236927758682,-0.216535667316,-0.197898699084,-0.180865792617,-0.165298888222|4.0,3.65572474108,3.34108084565,3.05351797735,2.79070530428,2.55051260649,2.3309930095,2.13036720403,1.94700902384,1.77943226489,1.62627863896,1.48630676409,1.35838210258,1.24146776506,1.134616106,1.03696104258,0.947711034728,0.866142669264,0.791594796334,0.723463170468,0.661195552886|2.0,1.82786237054,1.67054042282,1.52675898867,1.39535265214,1.27525630324,1.16549650475,1.06518360201,0.97350451192,0.889716132446,0.813139319481,0.743153382044,0.67919105129,0.620733882531,0.567308053,0.518480521292,0.473855517364,0.433071334632,0.395797398167,0.361731585234,0.330597776443|];

m = 2;               %resources
L = [3,4];           % capacity by period
res = [| 1,2,2,2,1| 3,1,2,2,1 |];%resources by job

l = 2;               %number of predecesors
pre = [| 1,5         %(i,j)    
       | 5,2 |];

maxt = 20;           %DEADLINE
